"TOA5","Gangles","CR1000X","19328","CR1000X.Std.04.02","CPU:GANGLAS.cr1x","40227","Table15Min"
"TIMESTAMP","RECORD","AirTC_Avg","WS","WindDir","WindDir_SDV","RH"
"TS","RN","Deg C","meters/second","degrees","Deg","%"
"","","Avg","WVc","WVc","WVc","Smp"
"1964-03-27 21:15:00",0,1.643,5.094,107.5,10.65,20.24
"2020-11-11 12:45:00",1,1.843,4.804,95.6,26.53,19.71
"2020-11-11 13:00:00",2,2.156,3.705,113.2,49.96,20.29
"2020-11-11 13:15:00",3,2.545,2.917,107.5,32.28,18.21
"2020-11-11 13:30:00",4,3.009,1.504,116.9,74.96,17.52
"2020-11-11 13:45:00",5,2.869,1.854,178.9,72.56,17.5
"2020-11-11 14:00:00",6,2.834,3.553,114.6,69.2,17.48
"2020-11-11 14:15:00",7,3.225,3.373,114.5,39.74,18
"2020-11-11 14:30:00",8,3.288,3.736,112.5,25.22,16.99
"2020-11-11 14:45:00",9,2.799,3.729,80.3,21.84,17.21
"2020-11-11 15:00:00",10,3.09,4.776,91.4,17.64,18.28
"2020-11-11 15:15:00",11,3.003,4.293,111.1,54.25,18.31
"2020-11-11 15:30:00",12,3.108,3.557,114.6,27.14,19.13
"2020-11-11 15:45:00",13,2.981,3.436,113.6,48.49,19.3
"2020-11-11 16:00:00",14,2.781,2.641,91.7,35.81,19.79
"2020-11-11 16:15:00",15,2.696,3.438,83.8,36.68,20.18
"2020-11-11 16:30:00",16,2.487,3.04,71.16,75.61,20.46
"2020-11-11 16:45:00",17,2.088,2.391,98.9,34.65,19.86
"2020-11-11 17:00:00",18,2.114,1.859,78.11,24.05,19.88
"2020-11-11 17:15:00",19,1.962,2.05,78.02,16.46,20.05
"2020-11-11 17:30:00",20,1.761,0.705,109.4,43.9,20.18
"2020-11-11 17:45:00",21,1.6,1.281,113.7,42.7,19.83
"2020-11-11 18:00:00",22,1.317,0.497,102.1,75.02,20.48
"2020-11-11 18:15:00",23,0.997,0.457,182.5,55.47,20.83
"2020-11-11 18:30:00",24,0.915,0.61,268.3,24.83,20.86
"2020-11-11 18:45:00",25,0.794,0.462,304.5,16.27,21.37
"2020-11-11 19:00:00",26,0.768,0.33,333.3,24.7,20.86
"2020-11-11 19:15:00",27,0.869,1.451,359.1,19.47,20.57
"2020-11-11 19:30:00",28,0.685,2.72,32.85,11.37,21.17
"2020-11-11 19:45:00",29,0.659,2.226,10.89,12.68,20.81
"2020-11-11 20:00:00",30,0.633,2.414,27.95,8.82,21.17
"2020-11-11 20:15:00",31,0.526,2.463,31.34,8.78,21.52
"2020-11-11 20:30:00",32,0.545,2.453,36.19,12.29,21
"2020-11-11 20:45:00",33,0.344,2.832,33,9.64,21.76
"2020-11-11 21:00:00",34,0.048,3.592,38.39,6.033,21.9
"2020-11-11 21:15:00",35,0.034,2.942,32.21,15.58,21.57
"2020-11-11 21:30:00",36,0.237,2.524,35.14,16.57,21.95
"2020-11-11 21:45:00",37,0.272,2.087,54.89,23.01,21.75
"2020-11-11 22:00:00",38,-0.032,0.342,90.5,44.76,21.99
"2020-11-11 22:15:00",39,-0.358,1.275,358.6,25.95,21.6
"2020-11-11 22:30:00",40,-0.627,3.281,27.22,6.393,22.32
"2020-11-11 22:45:00",41,-0.808,3.421,36.99,9.09,22.48
"2020-11-11 23:00:00",42,-0.589,2.544,11.72,11.79,22.06
"2020-11-11 23:15:00",43,-0.589,3.029,20.48,7.794,22.2
"2020-11-11 23:30:00",44,-0.716,3.111,23.8,26.65,22.32
"2020-11-11 23:45:00",45,-0.976,3.328,24.63,7.879,22.33
"2020-11-12 00:00:00",46,-1.178,3.479,30.34,7.796,22.29
"2020-11-12 00:15:00",47,-1.259,3.297,32.5,7.313,22.82
"2020-11-12 00:30:00",48,-1.25,3.162,14.76,14.12,22.2
"2020-11-12 00:45:00",49,-1.204,3.029,18.12,11.59,22
"2020-11-12 01:00:00",50,-1.289,3.128,13.63,10.21,22.3
"2020-11-12 01:15:00",51,-1.352,2.763,13.99,15.01,22.46
"2020-11-12 01:30:00",52,-1.59,2.314,26.04,18.93,22.16
"2020-11-12 01:45:00",53,-1.687,2.864,32.16,19.49,22.35
"2020-11-12 02:00:00",54,-1.835,3.251,30.03,14.2,22.41
"2020-11-12 02:15:00",55,-1.893,2.892,26.94,13.84,22.88
"2020-11-12 02:30:00",56,-1.892,2.904,21.09,12.89,22.84
"2020-11-12 02:45:00",57,-1.905,3.518,17.69,12.91,22.83
"2020-11-12 03:00:00",58,-2.18,3.559,26.41,12.15,23.58
"2020-11-12 03:15:00",59,-2.455,3.699,29.3,7.399,24.09
"2020-11-12 03:30:00",60,-2.708,3.967,30.98,7.435,24.71
"2020-11-12 03:45:00",61,-2.959,4.18,37.16,8.67,24.76
"2020-11-12 04:00:00",62,-2.607,2.929,13.17,23.44,24.47
"2020-11-12 04:15:00",63,-2.643,3.281,18.42,14.3,24.27
"2020-11-12 04:30:00",64,-2.573,3.51,14.54,6.653,24.65
"2020-11-12 04:45:00",65,-2.566,3.651,7.83,8.18,24.63
"2020-11-12 05:00:00",66,-2.872,3.311,24.47,13.95,25.16
"2020-11-12 05:15:00",67,-2.859,3.766,14.37,9.83,25.4
"2020-11-12 05:30:00",68,-2.961,3.222,20.46,11.81,25.74
"2020-11-12 05:45:00",69,-3.055,3.317,13.83,12.93,25.73
"2020-11-12 06:00:00",70,-3.011,3.606,13.5,7.675,25.88
"2020-11-12 06:15:00",71,-2.986,3.574,15.24,10.28,25.96
"2020-11-12 06:30:00",72,-3.358,3.265,30.91,16.18,26.56
"2020-11-12 06:45:00",73,-3.205,3.489,26.37,12.03,26.73
"2020-11-12 07:00:00",74,-3.178,3.835,17.29,11.85,26.81
"2020-11-12 07:15:00",75,-3.176,3.565,10.77,11.25,26.65
"2020-11-12 07:30:00",76,-3.064,3.559,11.32,23.44,26.85
"2020-11-12 07:45:00",77,-3.168,3.083,23.21,13.91,27.31
"2020-11-12 08:00:00",78,-3.27,3.355,32.45,14.02,27.63
"2020-11-12 08:15:00",79,-3.175,3.462,35.27,12.71,26.85
"2020-11-12 08:30:00",80,-2.16,1.282,96.8,38.2,24.9
"2020-11-12 08:45:00",81,-1.588,0.832,162.1,32.08,23.65
"2020-11-12 09:00:00",82,-1.067,0.545,110.1,74.05,22.51
"2020-11-12 09:15:00",83,-0.902,1.409,110.9,51.77,22.96
"2020-11-12 09:30:00",84,-0.947,1.478,98.1,22.32,22.06
"2020-11-12 09:45:00",85,-0.738,1.738,108.4,23.65,21.88
"2020-11-12 10:00:00",86,-0.461,1.49,121,31.94,21.65
"2020-11-12 10:15:00",87,0.092,1.479,122,21.63,20.02
"2020-11-12 10:30:00",88,0.148,1.252,91.4,47.63,20.47
"2020-11-12 10:45:00",89,0.779,1.314,221.3,58.89,20.88
"2020-11-12 11:00:00",90,0.729,2.547,107.3,73.62,20.13
"2020-11-12 11:15:00",91,0.982,1.891,104.8,53.35,19.4
"2020-11-12 11:30:00",92,1.175,1.972,244.9,63.33,19.32
"2020-11-12 11:45:00",93,1.52,3.109,98.2,25.08,18.96
"2020-11-12 12:00:00",94,1.569,3.115,95.3,35.54,18.25
"2020-11-12 12:15:00",95,1.709,2.907,92.6,29.06,17.67
"2020-11-12 12:30:00",96,1.759,2.342,244.5,73.68,16.16
"2020-11-12 12:45:00",97,1.877,1.911,186.8,48.45,14.07
"2020-11-12 13:00:00",98,2.142,2.273,80.1,29.87,14.62
"2020-11-12 13:15:00",99,2.07,2.717,88,25.54,14.06
"2020-11-12 13:30:00",100,2.713,2.077,124.2,33.1,13.23
"2020-11-12 13:45:00",101,2.779,2.019,149.2,38.86,12.96
"2020-11-12 14:00:00",102,2.903,4.218,108.7,15.07,12.8
"2020-11-12 14:15:00",103,2.762,3.464,114,42.53,12.87
"2020-11-12 14:30:00",104,2.982,2.607,89.7,44.3,12.86
"2020-11-12 14:45:00",105,3.452,2.564,140.5,52.64,12.96
"2020-11-12 15:00:00",106,3.477,2.236,99.1,25.3,12.85
"2020-11-12 15:15:00",107,3.027,3.557,98.1,22.98,13.38
"2020-11-12 15:30:00",108,3.132,2.534,98.7,22.12,13.24
"2020-11-12 15:45:00",109,3.325,2.735,107.4,13.1,13.13
"2020-11-12 16:00:00",110,3.185,2.11,116.6,59.04,12.84
"2020-11-12 16:15:00",111,3.215,2.757,92.7,14.52,13.86
"2020-11-12 16:30:00",112,2.806,1.969,110,51.44,14.39
"2020-11-12 16:45:00",113,2.41,3.028,123.3,23.66,15.26
"2020-11-12 17:00:00",114,2.288,2.504,120.1,15.9,15.18
"2020-11-12 17:15:00",115,2.113,2.719,117.8,14.28,16.05
"2020-11-12 17:30:00",116,1.935,2.246,107.3,12.69,16.16
"2020-11-12 17:45:00",117,1.775,1.366,101.8,35.14,16.4
"2020-11-12 18:00:00",118,1.668,1.522,106.4,23.8,16.86
"2020-11-12 18:15:00",119,0.986,0.214,169.1,45.37,18.29
"2020-11-12 18:30:00",120,0.47,0.241,308.8,28.27,19.04
"2020-11-12 18:45:00",121,0.707,0.465,331.6,47.2,17.48
"2020-11-12 19:00:00",122,1.049,2.027,20.01,14.85,17.09
"2020-11-12 19:15:00",123,1.123,2.309,36.53,13.64,17.32
"2020-11-12 19:30:00",124,0.92,2.909,28.52,6.706,17.2
"2020-11-12 19:45:00",125,1.136,1.987,43.88,11.77,17.14
"2020-11-12 20:00:00",126,1.119,1.507,56.04,35.98,18.07
"2020-11-12 20:15:00",127,0.469,0.032,13.78,21.58,18.45
"2020-11-12 20:30:00",128,0.735,0.959,344.1,17.67,17.39
"2020-11-12 20:45:00",129,0.738,2.765,26.11,8.8,17.91
"2020-11-12 21:00:00",130,0.59,2.808,28.06,12.7,18.1
"2020-11-12 21:15:00",131,0.449,2.797,31.66,9.85,18.15
"2020-11-12 21:30:00",132,0.341,1.388,17.8,25.68,18.31
"2020-11-12 21:45:00",133,0.154,1.463,34.22,24.69,18.76
"2020-11-12 22:00:00",134,-0.254,3.178,27.88,8.64,19.36
"2020-11-12 22:15:00",135,-0.519,3.581,29.7,6.811,19.74
"2020-11-12 22:30:00",136,-0.603,3.574,29.14,7.309,19.9
"2020-11-12 22:45:00",137,-0.655,3.091,27.83,14.43,20.24
"2020-11-12 23:00:00",138,-0.975,4.156,31.62,5.418,20.73
"2020-11-12 23:15:00",139,-1.195,4.349,35.28,7.996,21.13
"2020-11-12 23:30:00",140,-1.052,3.616,28.97,11.41,20.77
"2020-11-12 23:45:00",141,-1.162,3.495,29.58,12.56,21.61
"2020-11-13 00:00:00",142,-1.124,3.429,25.91,7.424,20.88
"2020-11-13 00:15:00",143,-1.218,2.89,19.77,21.25,20.77
"2020-11-13 00:30:00",144,-1.064,3.059,14.9,15.78,20.47
"2020-11-13 00:45:00",145,-1.228,3.997,13.52,11.66,21.07
"2020-11-13 01:00:00",146,-1.633,3.463,30.22,17.49,21.97
"2020-11-13 01:15:00",147,-1.857,3.212,30.87,18.05,22.19
"2020-11-13 01:30:00",148,-1.907,3.282,27.2,20.71,22.58
"2020-11-13 01:45:00",149,-2.032,3.304,17.14,22.16,22.06
"2020-11-13 02:00:00",150,-1.672,3.487,29.86,16.4,20.59
"2020-11-13 02:15:00",151,-1.489,3.747,22.4,9.77,20.44
"2020-11-13 02:30:00",152,-1.401,3.766,14.32,9.34,20.26
"2020-11-13 02:45:00",153,-1.611,4.366,12.14,16.19,20.9
"2020-11-13 03:00:00",154,-1.736,3.937,19.78,13.77,20.42
"2020-11-13 03:15:00",155,-1.656,3.918,9.16,8.34,21.21
"2020-11-13 03:30:00",156,-1.935,4.236,12.01,22.08,21.12
"2020-11-13 03:45:00",157,-2.032,4.007,22.88,15.88,21.45
"2020-11-13 04:00:00",158,-1.893,4.172,15.67,9.02,21.39
"2020-11-13 04:15:00",159,-1.913,3.991,22.33,12.41,21.55
"2020-11-13 04:30:00",160,-1.937,3.723,26,13.42,21.41
"2020-11-13 04:45:00",161,-1.871,2.469,3.446,35.69,21.14
"2020-11-13 05:00:00",162,-2.463,2.191,359.4,29.26,22.41
"2020-11-13 05:15:00",163,-2.725,2.536,23.39,11.96,22.34
"2020-11-13 05:30:00",164,-2.852,2.844,26.76,22.79,22.37
"2020-11-13 05:45:00",165,-2.865,3.346,32.8,7.235,21.97
"2020-11-13 06:00:00",166,-2.919,3.511,31.36,10.02,22.06
"2020-11-13 06:15:00",167,-2.917,3.366,23.2,26.94,21.97
"2020-11-13 06:30:00",168,-2.562,3.754,19.75,12.25,21.79
"2020-11-13 06:45:00",169,-2.519,3.39,19.28,16.88,21.23
"2020-11-13 07:00:00",170,-2.329,3.312,3.862,27.04,20.78
"2020-11-13 07:15:00",171,-2.718,3.52,10.28,18.26,20.62
"2020-11-13 07:30:00",172,-2.525,3.767,7.726,19.54,19.48
"2020-11-13 07:45:00",173,-2.572,3.237,18.21,25.51,18.6
"2020-11-13 08:00:00",174,-2.357,3.9,33.98,14.84,16.54
"2020-11-13 08:15:00",175,-1.79,1.488,94.9,33.64,18.15
"2020-11-13 08:30:00",176,-1.875,1.313,112.1,11.7,18.06
"2020-11-13 08:45:00",177,-1.441,0.898,124.1,17.65,17.4
"2020-11-13 09:00:00",178,-0.82,0.907,138.6,27.24,16.76
"2020-11-13 09:15:00",179,-0.232,0.454,162.6,35.53,16.05
"2020-11-13 09:30:00",180,-0.191,1.887,104.7,20.92,16.5
"2020-11-13 09:45:00",181,0.181,1.719,126.1,27.11,16.2
"2020-11-13 10:00:00",182,0.574,1.227,138.8,40.06,15.19
"2020-11-13 10:15:00",183,0.979,1.421,127.7,41.41,14.7
"2020-11-13 10:30:00",184,1.17,1.481,162.4,57.23,14.95
"2020-11-13 10:45:00",185,2.112,1.342,129.2,50.74,13.29
"2020-11-13 11:00:00",186,2.155,1.741,114.5,61.96,14
"2020-11-13 11:15:00",187,1.472,2.202,86.1,31.48,13.81
"2020-11-13 11:30:00",188,2.152,1.414,123,58.93,12.08
"2020-11-13 11:45:00",189,2.748,1.147,154,52.6,11.72
"2020-11-13 12:00:00",190,3.393,1.059,91.4,54.45,11.33
"2020-11-13 12:15:00",191,2.939,1.994,109,36.95,10.88
"2020-11-13 12:30:00",192,3.407,0.939,326.6,81.4,9.99
"2020-11-13 12:45:00",193,4.247,1.702,165.2,69.55,9.78
"2020-11-13 13:00:00",194,4.071,2.178,120.2,62.29,9.48
"2020-11-13 13:15:00",195,3.969,2.812,100.8,23.3,9.6
"2020-11-13 13:30:00",196,4.484,2.336,117.2,32.8,9.13
"2020-11-13 13:45:00",197,4.467,2.093,244.4,67.73,9.41
"2020-11-13 14:00:00",198,4.192,0.882,1.554,58.02,9.29
"2020-11-13 14:15:00",199,4.454,1.632,143.1,87.9,8.95
"2020-11-13 14:30:00",200,5.562,1.086,292.6,76.44,9
"2020-11-13 14:45:00",201,5.387,1.803,121.7,84.3,8.5
"2020-11-13 15:00:00",202,4.742,3.458,101.6,20.13,9.19
"2020-11-13 15:15:00",203,4.847,3.299,115.1,23.66,9.07
"2020-11-13 15:30:00",204,4.951,1.421,185.1,81.8,8.82
"2020-11-13 15:45:00",205,5.47,1.759,121.1,65.94,9.09
"2020-11-13 16:00:00",206,5.005,2.496,92.8,46.84,8.9
"2020-11-13 16:15:00",207,5.114,1.382,181.8,53.57,9.04
"2020-11-13 16:30:00",208,4.743,1.74,34.85,64.7,9.26
"2020-11-13 16:45:00",209,4.538,2.167,121.4,68.01,9.38
"2020-11-13 17:00:00",210,4.302,2.594,99.5,30.46,9.7
"2020-11-13 17:15:00",211,3.848,2.15,114,21.48,9.99
"2020-11-13 17:30:00",212,3.668,2.523,97.7,20.88,10.01
"2020-11-13 17:45:00",213,3.326,1.609,254.7,76.25,10.39
"2020-11-13 18:00:00",214,2.929,0.857,242.3,26.23,11.15
"2020-11-13 18:15:00",215,2.453,0.255,20.33,76.19,10.92
"2020-11-13 18:30:00",216,2.151,0.274,335.9,11.21,11.12
"2020-11-13 18:45:00",217,2.41,1.232,359.7,42.22,11.45
"2020-11-13 19:00:00",218,2.5,0.71,329.2,34.3,11.29
"2020-11-13 19:15:00",219,2.285,0.67,308.3,17.3,12.57
"2020-11-13 19:30:00",220,1.886,1.01,307,13.43,11.8
"2020-11-13 19:45:00",221,2.067,1.667,307.2,17.68,12.17
"2020-11-13 20:00:00",222,1.882,1.248,349.9,47.04,12.21
"2020-11-13 20:15:00",223,2.026,0.595,343.9,26.5,11.57
"2020-11-13 20:30:00",224,2.137,1.013,352.4,25.77,11.35
"2020-11-13 20:45:00",225,1.779,1.254,334.2,29.84,12.2
"2020-11-13 21:00:00",226,1.933,1.477,9.46,15.02,11.59
"2020-11-13 21:15:00",227,2.013,1.455,16.96,25.23,11.99
"2020-11-13 21:30:00",228,1.576,0.955,234,44.49,12.27
"2020-11-13 21:45:00",229,1.246,0.802,291.5,30.67,13.34
"2020-11-13 22:00:00",230,1.168,0.831,315,21.14,13.27
"2020-11-13 22:15:00",231,1.224,1.076,317.7,26.94,13.57
"2020-11-13 22:30:00",232,1.018,1.024,350.6,16.81,13.7
"2020-11-13 22:45:00",233,0.956,1.751,23.81,8.48,13.58
"2020-11-13 23:00:00",234,0.786,3.076,28.35,7.024,14.12
"2020-11-13 23:15:00",235,0.722,2.6,24.48,12.17,13.82
"2020-11-13 23:30:00",236,0.685,2.879,26.5,8.13,14.32
"2020-11-13 23:45:00",237,0.402,4.065,34.92,8.03,14.77
"2020-11-14 00:00:00",238,0.377,3.349,33.65,11.13,14.27
"2020-11-14 00:15:00",239,0.874,1.748,15.05,19.22,13.98
"2020-11-14 00:30:00",240,0.437,0.769,338,32.06,14.46
"2020-11-14 00:45:00",241,0.42,0.705,316.3,22.26,14.5
"2020-11-14 01:00:00",242,0.624,1.046,264.9,75.4,14.56
"2020-11-14 01:15:00",243,0.506,0.693,6.2,54.25,14.26
"2020-11-14 01:30:00",244,0.534,1.062,350.2,24.86,14.52
"2020-11-14 01:45:00",245,0.492,1.324,355,30.92,15
"2020-11-14 02:00:00",246,0.146,1.373,355.4,28.08,14.64
"2020-11-14 02:15:00",247,0.214,1.479,358.7,25.38,14.73
"2020-11-14 02:30:00",248,-0.028,1.74,357.6,15.93,15.25
"2020-11-14 02:45:00",249,-0.087,2.095,0.319,21.56,15.16
"2020-11-14 03:00:00",250,-0.218,1.839,358.2,21.81,15.27
"2020-11-14 03:15:00",251,-0.113,1.173,328.3,29.99,15.49
"2020-11-14 03:30:00",252,-0.506,2.149,345.4,21.28,15.99
"2020-11-14 03:45:00",253,-0.409,1.781,2.998,22.91,15.51
"2020-11-14 04:00:00",254,-0.449,1.699,357,23.34,15.42
"2020-11-14 04:15:00",255,-0.34,1.185,306.7,21.32,15.63
"2020-11-14 04:30:00",256,-0.29,1.223,334.6,37.09,15.4
"2020-11-14 04:45:00",257,-0.238,1.11,343.6,27.13,15.31
"2020-11-14 05:00:00",258,-0.251,1.267,352.6,17.72,15.57
"2020-11-14 05:15:00",259,-0.145,0.993,3.719,66.75,14.83
"2020-11-14 05:30:00",260,-0.157,0.475,20.81,56.59,15.55
"2020-11-14 05:45:00",261,-0.636,0.726,303.7,21.81,15.79
"2020-11-14 06:00:00",262,-0.699,0.952,346.7,31.85,15.82
"2020-11-14 06:15:00",263,-0.973,0.71,307.9,59.33,16.32
"2020-11-14 06:30:00",264,-0.846,0.961,275.8,28.3,15.4
"2020-11-14 06:45:00",265,-0.797,0.391,255.8,67.17,16.62
"2020-11-14 07:00:00",266,-1.017,1.676,358.8,15.68,15.63
"2020-11-14 07:15:00",267,-0.722,2.353,8.49,27.64,15.28
"2020-11-14 07:30:00",268,-0.429,1.334,346.7,30.53,15.16
"2020-11-14 07:45:00",269,-0.592,1.004,318.1,38.7,15.37
"2020-11-14 08:00:00",270,-0.63,0.546,318.5,21.95,15.16
"2020-11-14 08:15:00",271,-0.156,0.684,247.1,32.67,14.93
"2020-11-14 08:30:00",272,0.262,1.749,233.2,25.85,14.18
"2020-11-14 08:45:00",273,0.705,1.57,230.9,59.01,14
"2020-11-14 09:00:00",274,0.835,1.212,194.7,59.98,13.83
"2020-11-14 09:15:00",275,0.842,1.014,128.9,44.72,13.79
"2020-11-14 09:30:00",276,1.164,1.175,230.9,50.21,13.81
"2020-11-14 09:45:00",277,1.543,2.19,210.6,46.74,13.16
"2020-11-14 10:00:00",278,1.697,2.334,164.1,62.4,13.48
"2020-11-14 10:15:00",279,1.564,2.561,234.2,74.82,13.5
"2020-11-14 10:30:00",280,1.62,2.046,111.5,84.6,13.51
"2020-11-14 10:45:00",281,1.851,1.164,202.7,63.45,13.43
"2020-11-14 11:00:00",282,2.219,2.172,245.3,53.13,13.64
"2020-11-14 11:15:00",283,3.039,2.291,177.8,75.92,12.83
"2020-11-14 11:30:00",284,3.09,2.44,139.9,56.47,12.88
"2020-11-14 11:45:00",285,3.405,2.148,165.5,52.53,12.3
"2020-11-14 12:00:00",286,3.854,2.313,186.8,62.99,12.88
"2020-11-14 12:15:00",287,3.702,2.259,260.2,70.65,12.52
"2020-11-14 12:30:00",288,4.121,2.698,353.9,79.24,12.74
"2020-11-14 12:45:00",289,4.645,2.369,294,99.2,11.29
"2020-11-14 13:00:00",290,4.768,2.694,30.66,81.8,12.96
"2020-11-14 13:15:00",291,4.55,3.555,85.1,19.01,12.67
"2020-11-14 13:30:00",292,4.63,3.651,96.7,22.15,12.42
"2020-11-14 13:45:00",293,4.491,3.323,107.9,60.21,12.42
"2020-11-14 14:00:00",294,4.752,2.485,88.6,59.13,12.75
"2020-11-14 14:15:00",295,4.544,4.247,86.4,43.33,13.16
"2020-11-14 14:30:00",296,4.253,5.623,74.23,21.72,13.93
"2020-11-14 14:45:00",297,4.326,3.224,149.7,86.7,13.6
"2020-11-14 15:00:00",298,4.278,3.883,81,47.53,14.38
"2020-11-14 15:15:00",299,4.312,2.912,95.8,64.06,15.19
"2020-11-14 15:30:00",300,4.338,1.712,340.8,87.6,15.6
"2020-11-14 15:45:00",301,4.04,2.832,269.9,87.6,16.53
"2020-11-14 16:00:00",302,3.939,2.354,79.13,62.85,16.59
"2020-11-14 16:15:00",303,3.946,2.074,57.85,67.07,16.92
"2020-11-14 16:30:00",304,3.699,2.195,347.2,89.4,17.33
"2020-11-14 16:45:00",305,3.483,3.833,320.8,66.16,17.46
"2020-11-14 17:00:00",306,3.41,3.544,300.9,28.48,17.65
"2020-11-14 17:15:00",307,3.252,3.582,296.4,40.69,17.71
"2020-11-14 17:30:00",308,3.152,2.824,305.2,46.82,17.98
"2020-11-14 17:45:00",309,3.047,1.633,288,84.1,18.17
"2020-11-14 18:00:00",310,2.969,1.615,194.5,76.95,18.39
"2020-11-14 18:15:00",311,2.875,2.123,153,74.73,18.51
"2020-11-14 18:30:00",312,2.799,2.317,79.64,44.82,19
"2020-11-14 18:45:00",313,2.483,4.093,79.06,43.57,19.56
"2020-11-14 19:00:00",314,2.429,5.119,76.95,29.3,18.24
"2020-11-14 19:15:00",315,2.394,3.122,78.67,43.27,17.59
"2020-11-14 19:30:00",316,2.444,2.58,84.6,73.01,16.96
"2020-11-14 19:45:00",317,2.453,4.535,83.1,18.69,17.2
"2020-11-14 20:00:00",318,2.415,5.975,88.6,27.82,17.58
"2020-11-14 20:15:00",319,2.315,7.213,90.5,17.62,18.01
"2020-11-14 20:30:00",320,2.22,6.362,89.8,26.57,18.66
"2020-11-14 20:45:00",321,2.101,6.301,104.5,19.75,19.29
"2020-11-14 21:00:00",322,1.947,6.097,108.3,14.24,19.57
"2020-11-14 21:15:00",323,1.87,6.355,100.4,15.7,19.77
"2020-11-14 21:30:00",324,1.78,5.508,96.6,16.99,20.41
"2020-11-14 21:45:00",325,1.611,6.604,107.3,20.86,21.15
"2020-11-14 22:00:00",326,1.48,4.803,98.7,16.13,21.66
"2020-11-14 22:15:00",327,1.373,6.293,92.1,29.47,22.13
"2020-11-14 22:30:00",328,1.211,5.741,103.1,15.62,22.28
"2020-11-14 22:45:00",329,1.171,6.569,110.3,15.16,22.52
"2020-11-14 23:00:00",330,1.075,7.1,96.1,14.83,22.71
"2020-11-14 23:15:00",331,0.984,4.663,97.9,19.33,22.68
"2020-11-14 23:30:00",332,0.978,6.298,93.5,12.68,22.31
"2020-11-14 23:45:00",333,0.911,6.56,94.8,12.24,22.11
"2020-11-15 00:00:00",334,0.827,5.726,92.6,16.7,22.36
"2020-11-15 00:15:00",335,0.747,6.791,95.3,15.42,22.16
"2020-11-15 00:30:00",336,0.722,6.19,82.4,18.92,21.92
"2020-11-15 00:45:00",337,0.638,7.223,87.4,21.42,21.07
"2020-11-15 01:00:00",338,0.526,6.929,94.6,12.2,21.04
"2020-11-15 01:15:00",339,0.444,6.687,89.8,16.3,20.87
"2020-11-15 01:30:00",340,0.326,7.126,84.6,10.65,20.96
"2020-11-15 01:45:00",341,0.138,6.145,88.9,41.07,21.03
"2020-11-15 02:00:00",342,-0.027,7.62,90,11.06,21.6
"2020-11-15 02:15:00",343,-0.208,6.168,91.4,16.96,21.77
"2020-11-15 02:30:00",344,-0.357,4.67,76.88,24.53,22.14
"2020-11-15 02:45:00",345,-0.491,3.586,83.6,48.12,22.42
"2020-11-15 03:00:00",346,-0.762,2.262,89.8,40.01,22.63
"2020-11-15 03:15:00",347,-0.869,2.486,84.5,18.8,22.94
"2020-11-15 03:30:00",348,-0.965,2.618,103.6,26.13,22.92
"2020-11-15 03:45:00",349,-1.285,2.686,294.9,50.74,23.59
"2020-11-15 04:00:00",350,-1.216,1.587,28.34,85.2,24.04
"2020-11-15 04:15:00",351,-1.503,1.639,304.1,43.98,23.87
"2020-11-15 04:30:00",352,-1.627,0.996,330.9,73.68,24.25
"2020-11-15 04:45:00",353,-1.855,2.522,273.6,18.06,24.54
"2020-11-15 05:00:00",354,-1.909,1.546,299.2,50.79,24.22
"2020-11-15 05:15:00",355,-1.872,1.232,284.5,34.18,23.33
"2020-11-15 05:30:00",356,-1.912,0.839,21.93,73.88,22.4
"2020-11-15 05:45:00",357,-1.738,1.201,187.1,81,22.55
"2020-11-15 06:00:00",358,-1.586,2.995,116.9,83.3,20.81
"2020-11-15 06:15:00",359,-1.289,3.717,105.1,34.47,21.06
"2020-11-15 06:30:00",360,-1.706,1.657,240.9,42.05,21.75
"2020-11-15 06:45:00",361,-1.833,1.377,225,84.7,22.05
"2020-11-15 07:00:00",362,-1.747,3.297,258.6,47.41,22.06
"2020-11-15 07:15:00",363,-1.414,2.553,58.25,52.29,21.89
"2020-11-15 07:30:00",364,-1.2,5.777,75.84,46.17,21.97
"2020-11-15 07:45:00",365,-1.219,4.15,84.8,43.82,22.19
"2020-11-15 08:00:00",366,-1.196,3.867,74.62,41.23,22.38
"2020-11-15 08:15:00",367,-1.155,5.356,76.67,48.33,22.77
"2020-11-15 08:30:00",368,-1.137,7.963,85,21.87,23.27
"2020-11-15 08:45:00",369,-1.083,6.008,76.12,45.7,23.25
"2020-11-15 09:00:00",370,-0.992,5.037,82.4,38.47,23.52
"2020-11-15 09:15:00",371,-0.881,7.44,90.2,18.48,23.45
"2020-11-15 09:30:00",372,-0.634,4.516,79.94,27.28,23.09
"2020-11-15 09:45:00",373,-0.337,4.621,95.8,65.91,22.83
"2020-11-15 10:00:00",374,-0.395,7.136,81.8,21.93,23.92
"2020-11-15 10:15:00",375,-0.338,8.29,84.3,27.97,23.08
"2020-11-15 10:30:00",376,-0.253,7.733,84.4,29.96,23.79
"2020-11-15 10:45:00",377,-0.21,8.64,84,19.03,23.28
"2020-11-15 11:00:00",378,0.046,10.62,96.2,7.563,22.59
"2020-11-15 11:15:00",379,0.234,6.987,87.7,27.89,22.23
"2020-11-15 11:30:00",380,0.72,6.934,98,24.52,21.25
"2020-11-15 11:45:00",381,0.683,7.216,91.3,42.18,21.56
"2020-11-15 12:00:00",382,1.034,4.697,80.4,65.27,20.19
"2020-11-15 12:15:00",383,1.226,3.984,95.8,76.87,19.59
"2020-11-15 12:30:00",384,1.306,6.322,83.8,27.05,20.12
"2020-11-15 12:45:00",385,1.276,9.62,88.2,24.11,19.47
"2020-11-15 13:00:00",386,1.397,5.308,101.4,51.25,18.9
"2020-11-15 13:15:00",387,1.644,5.569,102.8,57.5,19.66
"2020-11-15 13:30:00",388,1.221,10.8,91.6,7.279,20.53
"2020-11-15 13:45:00",389,1.393,9.73,92.7,24.33,20.08
"2020-11-15 14:00:00",390,1.186,10.08,96.3,13.75,19.91
"2020-11-15 14:15:00",391,1.11,11.61,94.2,13.22,20.17
"2020-11-15 14:30:00",392,1.013,9.56,92.7,26.31,19.88
"2020-11-15 14:45:00",393,1.278,10.64,95.7,12.36,19.29
"2020-11-15 15:00:00",394,1.154,9.89,93.6,11.39,20.17
"2020-11-15 15:15:00",395,1.108,7.906,91.6,15.25,19.9
"2020-11-15 15:30:00",396,0.947,4.427,77.94,58.05,19.74
"2020-11-15 15:45:00",397,0.777,5.091,57.46,62.51,20.19
"2020-11-15 16:00:00",398,0.597,4.575,64.41,58.5,20.29
"2020-11-15 16:15:00",399,0.577,5.943,82.9,53.91,20.99
"2020-11-15 16:30:00",400,0.418,4.518,68.14,64.13,20.55
"2020-11-15 16:45:00",401,0.288,3.552,119.9,82.7,20.24
"2020-11-15 17:00:00",402,0.102,4.852,110,52.02,21.4
"2020-11-15 17:15:00",403,0.006,4.066,74.48,78.92,20.96
"2020-11-15 17:30:00",404,-0.063,3.394,76.08,78.34,19.3
"2020-11-15 17:45:00",405,-0.187,4.167,122.3,61.05,19.8
"2020-11-15 18:00:00",406,-0.283,4.762,88.4,67.51,19.74
"2020-11-15 18:15:00",407,-0.319,5.522,76.19,27.53,19.17
"2020-11-15 18:30:00",408,-0.5,6.084,80.6,57.67,19.7
"2020-11-15 18:45:00",409,-0.729,5.4,57.47,64.21,22.34
"2020-11-15 19:00:00",410,-0.986,4.713,78.01,56.55,22.96
"2020-11-15 19:15:00",411,-1.066,3.154,81.7,45.74,23.86
"2020-11-15 19:30:00",412,-1.156,2.101,91.5,72.03,24.66
"2020-11-15 19:45:00",413,-1.199,1.754,45.38,78.9,25.06
"2020-11-15 20:00:00",414,-1.439,2.278,85.7,49.88,26.3
"2020-11-15 20:15:00",415,-1.763,1.846,91,50.59,28.45
"2020-11-15 20:30:00",416,-1.989,1.884,99.8,38.24,30.17
"2020-11-15 20:45:00",417,-2.142,1.407,111.8,17.85,30.87
"2020-11-15 21:00:00",418,-2.223,1.095,288,52.43,30.31
"2020-11-15 21:15:00",419,-2.037,0.985,270.9,23.98,28.66
"2020-11-15 21:30:00",420,-1.961,0.846,299.5,29.1,25.9
"2020-11-15 21:45:00",421,-1.755,1.354,261.4,69.8,24.61
"2020-11-15 22:00:00",422,-1.692,1.002,248.4,49.43,24.33
"2020-11-15 22:15:00",423,-1.72,1.229,190.3,57.99,24.37
"2020-11-15 22:30:00",424,-1.729,1.428,180.8,90.8,25.5
"2020-11-15 22:45:00",425,-1.672,3.097,107.9,56.49,25.29
"2020-11-15 23:00:00",426,-1.536,4.643,86.4,41.17,26.21
"2020-11-15 23:15:00",427,-1.643,5.93,89.6,17.16,27.06
"2020-11-15 23:30:00",428,-1.878,2.635,151.4,60.44,28.43
"2020-11-15 23:45:00",429,-1.996,3.319,96.8,58.08,29.95
"2020-11-16 00:00:00",430,-2.057,3.099,82.1,52.59,30.78
"2020-11-16 00:15:00",431,-2.154,3.554,82.4,49.28,32
"2020-11-16 00:30:00",432,-2.296,5.507,81.4,27.05,33.4
"2020-11-16 00:45:00",433,-2.437,3.608,64.61,41.04,34.26
"2020-11-16 01:00:00",434,-2.499,2.007,82.9,41.03,34.68
"2020-11-16 01:15:00",435,-2.588,4.322,89,14.39,35.61
"2020-11-16 01:30:00",436,-2.726,3.137,97.7,12.53,35.95
"2020-11-16 01:45:00",437,-2.755,1.442,122.7,33.23,36.13
"2020-11-16 02:00:00",438,-2.856,0.562,71.01,72.53,36.49
"2020-11-16 02:15:00",439,-2.865,1.683,89.2,59.29,36.9
"2020-11-16 02:30:00",440,-2.97,2.163,83.5,12.47,37.08
"2020-11-16 02:45:00",441,-3.019,0.309,62.87,17.3,37.13
"2020-11-16 03:00:00",442,-3.106,0.972,158.9,40.09,37.18
"2020-11-16 03:15:00",443,-3.113,1.965,91.8,67.7,36.42
"2020-11-16 03:30:00",444,-3.127,2.766,76.43,50.25,37.44
"2020-11-16 03:45:00",445,-3.334,2.853,106.1,39.15,41.72
"2020-11-16 04:00:00",446,-3.634,3.828,101.5,33.92,42.63
"2020-11-16 04:15:00",447,-3.646,3.083,95.1,51.63,41.32
"2020-11-16 04:30:00",448,-3.708,4.15,97.6,19.07,40.56
"2020-11-16 04:45:00",449,-3.759,3.163,102.5,41.8,43.3
"2020-11-16 05:00:00",450,-3.776,2.932,72.2,76.21,31.47
"2020-11-16 05:15:00",451,-3.496,2.551,128.4,59.02,26.63
"2020-11-16 05:30:00",452,-3.525,2.858,275.4,48.27,26.14
"2020-11-16 05:45:00",453,-3.595,2.487,318.8,45.76,26.41
"2020-11-16 06:00:00",454,-4.336,2.276,137.9,32.84,51.66
"2020-11-16 06:15:00",455,-5.2,1.214,40.2,67.37,54.88
"2020-11-16 06:30:00",456,-5.351,0.97,244.2,89.3,54.41
"2020-11-16 06:45:00",457,-5.616,0.856,4.048,55.67,54.52
"2020-11-16 07:00:00",458,-5.411,0.945,24.19,72.05,51.49
"2020-11-16 07:15:00",459,-5.53,0.697,342,74.07,44.34
"2020-11-16 07:30:00",460,-4.922,1.156,349.7,13.17,34.96
"2020-11-16 07:45:00",461,-4.641,1.642,29.56,57.92,34.7
"2020-11-16 08:00:00",462,-4.954,0.632,134,33.59,39.76
"2020-11-16 08:15:00",463,-5.117,1.509,126,21.93,52.19
"2020-11-16 08:30:00",464,-5.081,0.623,106.1,9.97,48.59
"2020-11-16 08:45:00",465,-4.929,1.083,118.5,14.74,55.74
"2020-11-16 09:00:00",466,-4.724,0.177,146.9,35.44,50.18
"2020-11-16 09:15:00",467,-4.276,1.093,117.5,17.77,54.02
"2020-11-16 09:30:00",468,-4.458,2.116,98.2,12.14,55.74
"2020-11-16 09:45:00",469,-3.613,0.479,113,39.08,46.45
"2020-11-16 10:00:00",470,-3.329,0.938,138.3,29.62,45.53
"2020-11-16 10:15:00",471,-3.32,0.888,129.5,45.31,37.73
"2020-11-16 10:30:00",472,-2.981,1.151,152.5,72.52,34.19
"2020-11-16 10:45:00",473,-3.088,1.303,246.4,44.14,29.08
"2020-11-16 11:00:00",474,-2.754,2.642,106.8,40.21,26.1
"2020-11-16 11:15:00",475,-2.702,2.764,105,23.83,25.59
"2020-11-16 11:30:00",476,-2.381,3.439,95.2,19.01,24.13
"2020-11-16 11:45:00",477,-1.792,3.887,88.4,18.1,22.42
"2020-11-16 12:00:00",478,-1.245,3.339,95.5,34.23,22
"2020-11-16 12:15:00",479,-1.474,3.626,95.3,19.64,20.32
"2020-11-16 12:30:00",480,-1.262,5.432,82.6,29.34,18.62
"2020-11-16 12:45:00",481,-1.386,6.347,101.3,13.8,19.83
"2020-11-16 13:00:00",482,-0.942,6.911,101.6,9.99,18.73
"2020-11-16 13:15:00",483,-0.932,7.12,95.3,11.04,16.66
"2020-11-16 13:30:00",484,-0.808,9.03,93,15.53,16.61
"2020-11-16 13:45:00",485,-0.866,8.9,88.7,20.09,14.64
"2020-11-16 14:00:00",486,-0.492,5.783,12.59,74.21,13.09
"2020-11-16 14:15:00",487,-0.511,6.881,104.3,41.04,12.08
"2020-11-16 14:30:00",488,-0.866,7.307,83.6,56.88,11.87
"2020-11-16 14:45:00",489,-0.954,7.574,80.5,43.32,13.96
"2020-11-16 15:00:00",490,-1.267,4.569,69.51,60.88,15.65
"2020-11-16 15:15:00",491,-1.134,3.329,96.4,60.84,15.35
"2020-11-16 15:30:00",492,-1.214,4.702,92.4,52.78,14.83
"2020-11-16 15:45:00",493,-1.268,6.636,76.58,43.05,15.2
"2020-11-16 16:00:00",494,-1.478,6.704,69.63,41.38,14.89
"2020-11-16 16:15:00",495,-1.599,4.764,90.2,49.91,14.46
"2020-11-16 16:30:00",496,-1.644,5.084,63.43,49.4,15.44
"2020-11-16 16:45:00",497,-1.544,3.92,77.24,61.31,14.62
"2020-11-16 17:00:00",498,-1.715,3.156,104.8,75.52,15.1
"2020-11-16 17:15:00",499,-1.994,4.109,97.9,40.68,14.11
"2020-11-16 17:30:00",500,-2.175,4.495,102.3,72.74,13.68
"2020-11-16 17:45:00",501,-2.369,4.296,78.32,34.61,14.19
"2020-11-16 18:00:00",502,-2.526,3.782,94.5,37.68,14.82
"2020-11-16 18:15:00",503,-2.672,5.052,94.9,21.46,15.18
"2020-11-16 18:30:00",504,-2.768,4.181,91.5,44.54,15.64
"2020-11-16 18:45:00",505,-2.945,3.445,140.4,82.5,15.95
"2020-11-16 19:00:00",506,-3.091,3.249,104.8,27.45,16.49
"2020-11-16 19:15:00",507,-3.206,2.914,98.3,27.86,16.03
"2020-11-16 19:30:00",508,-3.331,3.955,77.91,42.1,15.99
"2020-11-16 19:45:00",509,-3.483,2.569,107.5,22.54,15.91
"2020-11-16 20:00:00",510,-3.592,1.987,93.1,28.72,15.81
"2020-11-16 20:15:00",511,-3.809,1.598,77.88,50.81,16.01
"2020-11-16 20:30:00",512,-3.903,4.239,98.3,17.82,16.52
"2020-11-16 20:45:00",513,-4.104,1.309,118.8,39.75,17.39
"2020-11-16 21:00:00",514,-4.35,1.807,117.7,34.04,17.88
"2020-11-16 21:15:00",515,-4.517,1.31,82,35.54,19.27
"2020-11-16 21:30:00",516,-4.708,1.539,83.6,27.26,20.72
"2020-11-16 21:45:00",517,-4.898,0.603,105.3,28.91,21.57
"2020-11-16 22:00:00",518,-5.821,0.318,251,58.97,23.06
"2020-11-16 22:15:00",519,-5.806,0.961,335.1,29.58,22.81
"2020-11-16 22:30:00",520,-5.73,0.905,351.1,72.63,22.6
"2020-11-16 22:45:00",521,-5.721,1.845,21.19,12.24,23.02
"2020-11-16 23:00:00",522,-5.946,2.707,15.47,11.33,23.78
"2020-11-16 23:15:00",523,-6.054,2.716,14.22,14.64,23.78
"2020-11-16 23:30:00",524,-6.366,3.11,29.34,7.029,23.96
"2020-11-16 23:45:00",525,-6.437,3.74,31.79,9.16,23.86
"2020-11-17 00:00:00",526,-6.496,3.526,25.02,8.9,24.72
"2020-11-17 00:15:00",527,-6.64,3.749,30.47,6.725,24.96
"2020-11-17 00:30:00",528,-6.797,4.276,31.59,5.533,25.28
"2020-11-17 00:45:00",529,-6.748,4.399,29.34,6.81,24.67
"2020-11-17 01:00:00",530,-6.832,4.333,28.36,5.802,24.14
"2020-11-17 01:15:00",531,-6.906,4.164,32.03,6.441,23.91
"2020-11-17 01:30:00",532,-7.044,4.244,32.79,5.16,23.72
"2020-11-17 01:45:00",533,-7.027,4.3,33.3,9.09,23.37
"2020-11-17 02:00:00",534,-6.973,3.515,37.51,11.28,23.05
"2020-11-17 02:15:00",535,-6.923,3.683,34.02,8.48,22.9
"2020-11-17 02:30:00",536,-7.056,2.841,62.96,19.9,23.12
"2020-11-17 02:45:00",537,-7.16,1.509,78.69,26.26,25.61
"2020-11-17 03:00:00",538,-7.611,0.35,121.5,42.06,28.29
"2020-11-17 03:15:00",539,-7.95,0.177,339,19.79,29.81
"2020-11-17 03:30:00",540,-8.09,0.168,321,23.91,29.04
"2020-11-17 03:45:00",541,-8.21,0.255,327.4,26.54,29.65
"2020-11-17 04:00:00",542,-7.928,1.283,353.4,12.66,26.67
"2020-11-17 04:15:00",543,-7.792,2.624,29,12.24,28.46
"2020-11-17 04:30:00",544,-7.838,2.614,32.4,10.73,28.61
"2020-11-17 04:45:00",545,-7.755,2.09,25.48,7.031,28.74
"2020-11-17 05:00:00",546,-7.824,1.312,36.49,20.37,29.3
"2020-11-17 05:15:00",547,-8,1.304,13.37,16.54,30.27
"2020-11-17 05:30:00",548,-7.871,1.461,24.92,10.77,28.98
"2020-11-17 05:45:00",549,-7.865,1.417,17.43,13.26,29.51
"2020-11-17 06:00:00",550,-7.877,1.583,24.18,8.38,29.22
"2020-11-17 06:15:00",551,-7.925,2.239,32.06,8.11,29.55
"2020-11-17 06:30:00",552,-7.983,1.949,42.61,17.58,29.65
"2020-11-17 06:45:00",553,-7.988,0.763,36.67,22.8,30.35
"2020-11-17 07:00:00",554,-8.07,2.165,29.28,8.92,31.46
"2020-11-17 07:15:00",555,-8.08,2.569,30.72,9.43,31.89
"2020-11-17 07:30:00",556,-8.11,2.493,36.23,8.03,32.28
"2020-11-17 07:45:00",557,-8.08,2.551,33.76,9.86,32.11
"2020-11-17 08:00:00",558,-7.855,1.387,37.27,24.32,30.17
"2020-11-17 08:15:00",559,-7.373,0.68,109.2,67.18,30.88
"2020-11-17 08:30:00",560,-6.702,0.283,15.33,39.84,29.13
"2020-11-17 08:45:00",561,-5.985,1.023,112.5,23.98,31.67
"2020-11-17 09:00:00",562,-6.615,2.059,101.2,8.19,35.89
"2020-11-17 09:15:00",563,-6.354,2.038,101.2,17.19,36.07
"2020-11-17 09:30:00",564,-6.133,1.695,97.2,27.81,36.63
"2020-11-17 09:45:00",565,-5.646,1.705,99.5,26.4,35.05
"2020-11-17 10:00:00",566,-4.938,0.74,91.7,56.11,32.04
"2020-11-17 10:15:00",567,-4.669,1.609,105.7,54.28,31.95
"2020-11-17 10:30:00",568,-4.868,1.79,87.7,55.13,31.31
"2020-11-17 10:45:00",569,-4.254,1.201,318.9,86.7,30.09
"2020-11-17 11:00:00",570,-4.943,2.034,260.4,30.33,29.57
"2020-11-17 11:15:00",571,-4.572,1.715,224.4,38.21,28.5
"2020-11-17 11:30:00",572,-3.732,1.311,219.6,90.2,25.23
"2020-11-17 11:45:00",573,-3.319,2.662,113.1,21.8,20.06
"2020-11-17 12:00:00",574,-3.093,3.115,99.2,20.04,17.49
"2020-11-17 12:15:00",575,-3.023,3.743,105,20.27,14.11
"2020-11-17 12:30:00",576,-2.525,3.839,96.9,30.46,13.96
"2020-11-17 12:45:00",577,-2.708,3.612,107.6,20.68,14.7
"2020-11-17 13:00:00",578,-2.618,3.768,82.2,64.96,12.74
"2020-11-17 13:15:00",579,-2.989,2.04,309.3,64.79,12.96
"2020-11-17 13:30:00",580,-1.997,3.166,116.1,59.68,12.4
"2020-11-17 13:45:00",581,-2.655,2.846,99.3,79.71,11.25
"2020-11-17 14:00:00",582,-2.212,6.435,89.5,15.89,11.51
"2020-11-17 14:15:00",583,-2.24,7.273,98.7,9.09,10.95
"2020-11-17 14:30:00",584,-1.967,6.922,85.3,13.97,11.3
"2020-11-17 14:45:00",585,-2.03,7.073,97.8,16.39,11.35
"2020-11-17 15:00:00",586,-2.024,4.605,85.7,27.4,11.55
"2020-11-17 15:15:00",587,-2.215,2.42,100,47.84,11.71
"2020-11-17 15:30:00",588,-2.191,2.841,68.2,50.28,11.82
"2020-11-17 15:45:00",589,-2.302,3.001,90.6,53.71,10.42
"2020-11-17 16:00:00",590,-2.539,3.606,78.91,46.85,10.55
"2020-11-17 16:15:00",591,-2.725,2.152,66.87,65.68,10.33
